112.77198791503906,0.95367431640625
109.67254638671875,0.95367431640625
109.43412780761719,0.95367431640625
109.67254638671875,0.95367431640625
109.67254638671875,0.95367431640625
108.7188720703125,0
104.42733764648438,0.95367431640625
103.47366333007813,0.95367431640625
104.42733764648438,2.1457672119140625
103.47366333007813,0
105.38101196289063,0.95367431640625
105.38101196289063,0
106.33468627929688,0
107.52677917480469,1.1920928955078125
106.57310485839844,1.1920928955078125
106.57310485839844,0
108.48045349121094,0.95367431640625
109.67254638671875,0.95367431640625
109.67254638671875,0.95367431640625
108.48045349121094,0
109.43412780761719,2.1457672119140625
107.52677917480469,0.95367431640625
106.57310485839844,0.95367431640625
109.67254638671875,0.95367431640625
108.48045349121094,1.1920928955078125
109.67254638671875,0
109.67254638671875,0.95367431640625
110.626220703125,0.95367431640625
109.43412780761719,2.1457672119140625
109.43412780761719,0.95367431640625
108.48045349121094,0.95367431640625
109.43412780761719,0.95367431640625
109.67254638671875,0.95367431640625
109.67254638671875,0.95367431640625
108.48045349121094,0.95367431640625
108.7188720703125,0.95367431640625
108.48045349121094,0.95367431640625
108.48045349121094,0
111.57989501953125,0.95367431640625
109.43412780761719,0.95367431640625
110.626220703125,0.95367431640625
109.43412780761719,0.95367431640625
109.67254638671875,0.95367431640625
109.67254638671875,0.95367431640625
110.626220703125,0.95367431640625
112.77198791503906,0.95367431640625
110.38780212402344,0.95367431640625
109.43412780761719,1.1920928955078125
110.626220703125,0.95367431640625
110.626220703125,0.95367431640625
110.626220703125,0.95367431640625
110.626220703125,0
108.48045349121094,0
109.67254638671875,0.95367431640625
110.626220703125,1.1920928955078125
110.626220703125,0.95367431640625
109.43412780761719,0
109.67254638671875,0
109.67254638671875,0.95367431640625
110.626220703125,0.95367431640625
111.81831359863281,1.1920928955078125
109.67254638671875,0.95367431640625
109.67254638671875,1.1920928955078125
110.626220703125,1.1920928955078125
110.626220703125,0.95367431640625
108.48045349121094,1.1920928955078125
110.626220703125,2.1457672119140625
110.626220703125,1.1920928955078125
109.67254638671875,0.95367431640625
111.57989501953125,0.95367431640625
109.67254638671875,0.95367431640625
109.67254638671875,2.1457672119140625
108.48045349121094,0.95367431640625
110.626220703125,0.95367431640625
109.43412780761719,0
109.67254638671875,0.95367431640625
110.626220703125,0.95367431640625
109.43412780761719,1.1920928955078125
108.48045349121094,0
109.43412780761719,2.1457672119140625
109.43412780761719,0
109.67254638671875,0.95367431640625
108.48045349121094,0.95367431640625
110.626220703125,1.9073486328125
110.626220703125,0.95367431640625
109.43412780761719,0
108.7188720703125,0.95367431640625
110.626220703125,1.1920928955078125
108.48045349121094,1.1920928955078125
108.7188720703125,0.95367431640625
109.67254638671875,0.95367431640625
110.626220703125,0.95367431640625
109.43412780761719,0
109.67254638671875,0.95367431640625
110.626220703125,1.1920928955078125
109.43412780761719,0
111.57989501953125,0.95367431640625
109.67254638671875,0
109.67254638671875,1.1920928955078125
110.626220703125,0.95367431640625
109.43412780761719,1.1920928955078125
109.67254638671875,0.95367431640625
109.43412780761719,0.95367431640625
109.43412780761719,1.1920928955078125
108.48045349121094,1.1920928955078125
152.587890625,0.95367431640625
151.3957977294922,1.1920928955078125
152.587890625,0.95367431640625
152.587890625,0.95367431640625
151.3957977294922,1.1920928955078125
152.587890625,0.95367431640625
153.54156494140625,1.9073486328125
152.587890625,0.95367431640625
152.587890625,0.95367431640625
153.7799835205078,1.1920928955078125
152.587890625,0.95367431640625
151.63421630859375,1.9073486328125
152.587890625,0.95367431640625
152.587890625,0.95367431640625
151.63421630859375,0.95367431640625
152.587890625,0.95367431640625
151.3957977294922,0.95367431640625
151.3957977294922,0.95367431640625
157.83309936523438,1.1920928955078125
153.54156494140625,0.95367431640625
152.587890625,2.1457672119140625
152.587890625,0.95367431640625
152.587890625,0.95367431640625
153.54156494140625,0.95367431640625
152.587890625,0.95367431640625
152.587890625,2.1457672119140625
151.63421630859375,0.95367431640625
153.7799835205078,2.1457672119140625
152.587890625,0.95367431640625
151.3957977294922,2.1457672119140625
152.587890625,0.95367431640625
152.587890625,0.95367431640625
152.587890625,0.95367431640625
152.587890625,0.95367431640625
152.587890625,0.95367431640625
152.34947204589844,1.1920928955078125
154.73365783691406,0.95367431640625
152.587890625,1.1920928955078125
152.587890625,2.1457672119140625
152.587890625,1.1920928955078125
152.34947204589844,1.1920928955078125
152.587890625,1.1920928955078125
153.54156494140625,0
152.34947204589844,1.1920928955078125
152.587890625,1.1920928955078125
152.587890625,0.95367431640625
153.54156494140625,0.95367431640625
151.63421630859375,0.95367431640625
152.587890625,0.95367431640625
152.587890625,0.95367431640625
152.587890625,0.95367431640625
152.587890625,0.95367431640625
151.63421630859375,0.95367431640625
151.63421630859375,0.95367431640625
153.54156494140625,1.1920928955078125
152.587890625,1.1920928955078125
153.7799835205078,1.1920928955078125
153.7799835205078,1.1920928955078125
152.587890625,0.95367431640625
152.587890625,0.95367431640625
152.587890625,0
152.34947204589844,2.1457672119140625
151.63421630859375,1.1920928955078125
152.587890625,0.95367431640625
153.54156494140625,1.1920928955078125
151.63421630859375,0.95367431640625
152.587890625,0.95367431640625
152.587890625,0
152.587890625,1.1920928955078125
151.63421630859375,0
151.63421630859375,1.9073486328125
152.587890625,0
152.587890625,0.95367431640625
150.6805419921875,0.95367431640625
152.587890625,2.1457672119140625
153.54156494140625,0
152.587890625,0
153.54156494140625,0.95367431640625
153.54156494140625,2.1457672119140625
152.587890625,0.95367431640625
152.587890625,0.95367431640625
152.587890625,1.1920928955078125
152.587890625,0.95367431640625
152.587890625,1.1920928955078125
152.587890625,0.95367431640625
151.63421630859375,0.95367431640625
151.3957977294922,1.1920928955078125
152.587890625,0
152.587890625,0.95367431640625
152.587890625,1.1920928955078125
152.587890625,1.9073486328125
151.63421630859375,0.95367431640625
152.34947204589844,1.1920928955078125
157.83309936523438,0.95367431640625
152.587890625,0.95367431640625
152.587890625,2.1457672119140625
153.54156494140625,1.1920928955078125
151.3957977294922,1.1920928955078125
152.587890625,0.95367431640625
151.63421630859375,1.1920928955078125
153.7799835205078,0.95367431640625
152.587890625,1.1920928955078125
153.54156494140625,0.95367431640625
152.587890625,1.9073486328125
152.587890625,0.95367431640625
152.587890625,1.1920928955078125
151.63421630859375,1.1920928955078125
152.587890625,0.95367431640625
152.587890625,0.95367431640625
152.587890625,0.95367431640625
152.587890625,0.95367431640625
151.63421630859375,0.95367431640625
152.587890625,0.95367431640625
151.3957977294922,1.1920928955078125
152.587890625,0.95367431640625
152.587890625,1.1920928955078125
151.3957977294922,0.95367431640625
152.587890625,0.95367431640625
152.587890625,0.95367431640625
152.34947204589844,2.1457672119140625
152.587890625,0.95367431640625
152.587890625,0
152.587890625,0.95367431640625
151.63421630859375,0.95367431640625
152.587890625,0.95367431640625
151.63421630859375,1.9073486328125
153.54156494140625,0.95367431640625
152.587890625,1.1920928955078125
152.587890625,1.1920928955078125
152.587890625,0.95367431640625
152.587890625,0.95367431640625
152.587890625,0.95367431640625
152.587890625,1.1920928955078125
152.587890625,0.95367431640625
151.3957977294922,0
153.54156494140625,0.95367431640625
152.587890625,0.95367431640625
152.587890625,0
152.587890625,0
152.587890625,0.95367431640625
151.63421630859375,0.95367431640625
152.587890625,1.1920928955078125
153.54156494140625,1.9073486328125
152.587890625,0.95367431640625
153.54156494140625,0.95367431640625
152.587890625,0.95367431640625
153.54156494140625,0.95367431640625
151.63421630859375,0
152.587890625,0.95367431640625
151.3957977294922,2.1457672119140625
152.587890625,0.95367431640625
152.587890625,0.95367431640625
152.587890625,0.95367431640625
152.34947204589844,1.1920928955078125
152.587890625,1.1920928955078125
152.587890625,0
152.587890625,1.1920928955078125
151.63421630859375,0.95367431640625
152.587890625,0.95367431640625
153.7799835205078,0.95367431640625
196.4569091796875,0.95367431640625
230.31234741210938,0.95367431640625
244.8558807373047,2.1457672119140625
245.80955505371094,2.1457672119140625
239.6106719970703,1.1920928955078125
241.75643920898438,0.95367431640625
247.71690368652344,2.1457672119140625
246.7632293701172,0.95367431640625
240.56434631347656,1.1920928955078125
241.75643920898438,2.86102294921875
244.61746215820313,1.9073486328125
251.0547637939453,1.9073486328125
241.75643920898438,2.1457672119140625
245.57113647460938,0.95367431640625
245.80955505371094,0.95367431640625
243.66378784179688,0.95367431640625
241.75643920898438,1.1920928955078125
243.90220642089844,0.95367431640625
243.66378784179688,1.9073486328125
243.66378784179688,0.95367431640625
241.5180206298828,3.0994415283203125
238.65699768066406,2.1457672119140625
235.55755615234375,2.1457672119140625
230.31234741210938,0.95367431640625
230.55076599121094,0.95367431640625
229.35867309570313,0.95367431640625
237.7033233642578,3.0994415283203125
229.35867309570313,2.1457672119140625
229.35867309570313,0.95367431640625
230.31234741210938,0.95367431640625
237.46490478515625,0.95367431640625
229.35867309570313,0.95367431640625
230.31234741210938,0.95367431640625
230.31234741210938,1.9073486328125
235.3191375732422,0.95367431640625
232.45811462402344,2.1457672119140625
233.4117889404297,2.1457672119140625
231.5044403076172,2.1457672119140625
231.5044403076172,1.1920928955078125
231.26602172851563,0.95367431640625
230.31234741210938,0.95367431640625
231.5044403076172,1.1920928955078125
233.4117889404297,0.95367431640625
230.31234741210938,1.9073486328125
231.5044403076172,0.95367431640625
230.55076599121094,0.95367431640625
230.31234741210938,0.95367431640625
231.26602172851563,0.95367431640625
233.4117889404297,0.95367431640625
229.35867309570313,0.95367431640625
231.5044403076172,0.95367431640625
230.55076599121094,0.95367431640625
231.26602172851563,0.95367431640625
231.5044403076172,1.1920928955078125
230.31234741210938,0.95367431640625
231.5044403076172,1.1920928955078125
234.6038818359375,0.95367431640625
229.5970916748047,0.95367431640625
229.35867309570313,0.95367431640625
229.5970916748047,0.95367431640625
234.36546325683594,2.1457672119140625
231.5044403076172,0.95367431640625
231.5044403076172,0.95367431640625
233.4117889404297,0.95367431640625
231.5044403076172,1.1920928955078125
232.45811462402344,0.95367431640625
229.35867309570313,1.1920928955078125
230.31234741210938,0.95367431640625
231.5044403076172,0.95367431640625
228.40499877929688,1.1920928955078125
237.46490478515625,0.95367431640625
229.35867309570313,0.95367431640625
230.55076599121094,0.95367431640625
231.5044403076172,0.95367431640625
229.35867309570313,0.95367431640625
230.31234741210938,2.1457672119140625
231.26602172851563,0.95367431640625
230.55076599121094,0.95367431640625
232.45811462402344,0.95367431640625
230.55076599121094,1.1920928955078125
232.45811462402344,2.1457672119140625
230.55076599121094,1.1920928955078125
232.45811462402344,0.95367431640625
231.5044403076172,1.1920928955078125
232.45811462402344,0.95367431640625
235.55755615234375,1.9073486328125
230.31234741210938,2.1457672119140625
227.45132446289063,2.1457672119140625
231.26602172851563,1.9073486328125
237.46490478515625,1.1920928955078125
230.55076599121094,2.1457672119140625
231.5044403076172,2.1457672119140625
236.51123046875,1.9073486328125
234.6038818359375,1.9073486328125
231.26602172851563,1.9073486328125
230.55076599121094,1.9073486328125
228.40499877929688,1.9073486328125
229.35867309570313,1.9073486328125
232.45811462402344,1.9073486328125
232.45811462402344,0.95367431640625
230.31234741210938,0.95367431640625
230.31234741210938,1.1920928955078125
232.45811462402344,2.1457672119140625
235.55755615234375,0.95367431640625
232.45811462402344,1.1920928955078125
230.31234741210938,0.95367431640625
235.55755615234375,1.9073486328125
229.35867309570313,2.1457672119140625
234.36546325683594,2.1457672119140625
231.5044403076172,0.95367431640625
233.65020751953125,0.95367431640625
234.6038818359375,1.1920928955078125
232.45811462402344,1.1920928955078125
235.55755615234375,0.95367431640625
235.55755615234375,0.95367431640625
232.45811462402344,1.9073486328125
235.3191375732422,0.95367431640625
233.4117889404297,2.1457672119140625
231.26602172851563,0.95367431640625
228.40499877929688,0.95367431640625
230.31234741210938,1.9073486328125
230.31234741210938,1.1920928955078125
231.26602172851563,3.0994415283203125
232.45811462402344,2.1457672119140625
233.4117889404297,0.95367431640625
230.55076599121094,0.95367431640625
230.31234741210938,1.9073486328125
238.4185791015625,2.1457672119140625
232.45811462402344,0.95367431640625
228.1665802001953,0.95367431640625
232.45811462402344,0.95367431640625
231.5044403076172,1.1920928955078125
229.35867309570313,1.9073486328125
234.6038818359375,2.1457672119140625
233.4117889404297,2.1457672119140625
228.40499877929688,0.95367431640625
230.31234741210938,0.95367431640625
234.36546325683594,0.95367431640625
229.35867309570313,1.1920928955078125
233.4117889404297,1.1920928955078125
229.35867309570313,0.95367431640625
231.26602172851563,1.9073486328125
234.36546325683594,1.1920928955078125
228.40499877929688,0.95367431640625
228.40499877929688,2.1457672119140625
227.45132446289063,2.1457672119140625
231.26602172851563,0.95367431640625
229.35867309570313,2.1457672119140625
230.55076599121094,1.1920928955078125
233.4117889404297,2.1457672119140625
229.5970916748047,1.9073486328125
230.31234741210938,2.1457672119140625
232.45811462402344,1.1920928955078125
231.26602172851563,0.95367431640625
228.1665802001953,0.95367431640625
236.51123046875,1.9073486328125
230.31234741210938,0.95367431640625
232.45811462402344,1.9073486328125
232.45811462402344,1.1920928955078125
232.45811462402344,0.95367431640625
232.45811462402344,2.1457672119140625
234.36546325683594,0.95367431640625
321.38824462890625,0.95367431640625
354.2900085449219,2.1457672119140625
350.2368927001953,2.1457672119140625
357.3894500732422,3.0994415283203125
364.54200744628906,1.9073486328125
349.28321838378906,2.1457672119140625
342.1306610107422,2.86102294921875
349.0447998046875,2.1457672119140625
350.2368927001953,1.9073486328125
359.2967987060547,1.9073486328125
352.1442413330078,0.95367431640625
348.09112548828125,2.1457672119140625
344.99168395996094,0.95367431640625
332.83233642578125,2.1457672119140625
349.99847412109375,0.95367431640625
343.08433532714844,1.9073486328125
355.2436828613281,1.9073486328125
357.1510314941406,2.1457672119140625
368.8335418701172,2.1457672119140625
366.6877746582031,0.95367431640625
324.7261047363281,2.1457672119140625
367.6414489746094,2.86102294921875
349.0447998046875,2.1457672119140625
350.2368927001953,2.1457672119140625
346.18377685546875,0.95367431640625
357.3894500732422,2.1457672119140625
358.34312438964844,2.86102294921875
352.1442413330078,2.1457672119140625
357.3894500732422,0.95367431640625
345.2301025390625,1.9073486328125
349.28321838378906,0.95367431640625
361.44256591796875,1.9073486328125
358.34312438964844,0.95367431640625
345.9453582763672,2.1457672119140625
323.5340118408203,0.95367431640625
344.0380096435547,1.1920928955078125
342.1306610107422,1.1920928955078125
357.3894500732422,2.1457672119140625
356.43577575683594,3.0994415283203125
347.137451171875,0.95367431640625
370.7408905029297,2.1457672119140625
347.137451171875,2.1457672119140625
353.3363342285156,1.9073486328125
365.4956817626953,1.9073486328125
354.2900085449219,1.9073486328125
369.78721618652344,1.9073486328125
368.8335418701172,1.9073486328125
351.19056701660156,1.1920928955078125
348.09112548828125,1.9073486328125
334.02442932128906,4.0531158447265625
357.3894500732422,2.86102294921875
350.2368927001953,2.1457672119140625
353.3363342285156,2.1457672119140625
350.2368927001953,1.9073486328125
347.137451171875,2.1457672119140625
353.3363342285156,3.0994415283203125
352.3826599121094,3.0994415283203125
346.18377685546875,1.9073486328125
367.6414489746094,1.9073486328125
355.2436828613281,1.9073486328125
348.09112548828125,4.0531158447265625
364.54200744628906,3.0994415283203125
352.1442413330078,3.0994415283203125
351.19056701660156,2.1457672119140625
353.3363342285156,0.95367431640625
351.19056701660156,3.0994415283203125
361.44256591796875,2.86102294921875
334.73968505859375,2.1457672119140625
353.3363342285156,2.1457672119140625
348.09112548828125,0.95367431640625
353.09791564941406,1.9073486328125
355.2436828613281,3.0994415283203125
347.137451171875,2.1457672119140625
366.6877746582031,1.9073486328125
358.58154296875,1.9073486328125
343.08433532714844,1.9073486328125
350.2368927001953,2.1457672119140625
351.4289855957031,0.95367431640625
335.93177795410156,2.1457672119140625
367.6414489746094,1.9073486328125
348.09112548828125,0.95367431640625
325.6797790527344,1.9073486328125
354.2900085449219,2.86102294921875
360.4888916015625,1.1920928955078125
347.137451171875,1.9073486328125
350.2368927001953,2.1457672119140625
328.5408020019531,2.1457672119140625
353.3363342285156,1.9073486328125
322.58033752441406,0.95367431640625
331.64024353027344,0.95367431640625
345.9453582763672,2.1457672119140625
363.5883331298828,2.1457672119140625
354.2900085449219,3.0994415283203125
357.3894500732422,2.1457672119140625
368.5951232910156,3.0994415283203125
348.09112548828125,2.1457672119140625
355.2436828613281,2.1457672119140625
358.34312438964844,3.0994415283203125
321.6266632080078,1.9073486328125
361.44256591796875,3.0994415283203125
356.1973571777344,3.0994415283203125
353.3363342285156,1.9073486328125
362.396240234375,0.95367431640625
361.44256591796875,2.1457672119140625
352.1442413330078,1.9073486328125
351.4289855957031,1.9073486328125
367.6414489746094,1.1920928955078125
344.99168395996094,1.1920928955078125
347.137451171875,2.1457672119140625
356.43577575683594,1.1920928955078125
363.34991455078125,2.1457672119140625
344.99168395996094,1.9073486328125
360.4888916015625,3.0994415283203125
351.19056701660156,3.0994415283203125
346.18377685546875,1.9073486328125
354.2900085449219,2.1457672119140625
348.09112548828125,2.1457672119140625
342.1306610107422,0.95367431640625
352.3826599121094,0.95367431640625
344.99168395996094,3.0994415283203125
348.3295440673828,0.95367431640625
326.6334533691406,2.1457672119140625
365.7341003417969,0.95367431640625
363.34991455078125,3.0994415283203125
356.43577575683594,3.0994415283203125
360.4888916015625,1.9073486328125
336.8854522705078,2.1457672119140625
362.396240234375,2.1457672119140625
343.08433532714844,3.0994415283203125
349.99847412109375,3.0994415283203125
353.3363342285156,2.1457672119140625
349.99847412109375,2.1457672119140625
346.18377685546875,2.1457672119140625
352.3826599121094,2.1457672119140625
345.9453582763672,0.95367431640625
345.9453582763672,1.9073486328125
349.0447998046875,1.1920928955078125
353.3363342285156,2.1457672119140625
345.9453582763672,0.95367431640625
353.09791564941406,0.95367431640625
356.1973571777344,1.9073486328125
319.48089599609375,1.9073486328125
369.5487976074219,2.1457672119140625
365.7341003417969,3.0994415283203125
349.0447998046875,3.0994415283203125
349.0447998046875,1.9073486328125
357.3894500732422,1.9073486328125
350.2368927001953,2.1457672119140625
359.53521728515625,0.95367431640625
369.78721618652344,3.0994415283203125
346.18377685546875,2.1457672119140625
356.43577575683594,2.86102294921875
361.44256591796875,2.1457672119140625
357.3894500732422,0.95367431640625
328.7792205810547,1.9073486328125
350.2368927001953,1.9073486328125
349.0447998046875,2.1457672119140625
363.5883331298828,3.0994415283203125
355.4821014404297,1.9073486328125
370.7408905029297,1.1920928955078125
